8005 -0.997167
8006 -0.997588
8007 -0.997936
8008 -0.998212
8009 -0.998414
8010 -0.998543
8011 -0.9986
8012 -0.998583
8013 -0.998493
8014 -0.99833
8015 -0.998094
8016 -0.997785
8017 -0.997403
8018 -0.996892
8019 -0.996134
8020 -0.995275
8021 -0.994316
8022 -0.993258
8023 -0.9921
8024 -0.990842
8025 -0.989485
8026 -0.988029
8027 -0.986474
8028 -0.984818
8029 -0.983065
8030 -0.981212
8031 -0.97926
8032 -0.977209
8033 -0.97506
8034 -0.972812
8035 -0.970466
8036 -0.968022
8037 -0.965481
8038 -0.962842
8039 -0.960104
8040 -0.957271
8041 -0.954339
8042 -0.951312
8043 -0.948187
8044 -0.944966
8045 -0.94165
8046 -0.938238
8047 -0.93473
8048 -0.931128
8049 -0.92743
8050 -0.923639
8051 -0.919753
8052 -0.915774
8053 -0.911701
8054 -0.907536
8055 -0.903278
8056 -0.898928
8057 -0.894486
8058 -0.889953
8059 -0.88533
8060 -0.880616
8061 -0.875812
8062 -0.87092
8063 -0.865938
8064 -0.860869
8065 -0.855711
8066 -0.850466
8067 -0.845136
8068 -0.839718
8069 -0.834216
8070 -0.828629
8071 -0.822958
8072 -0.817203
8073 -0.811366
8074 -0.805446
8075 -0.799445
8076 -0.793364
8077 -0.787202
8078 -0.78096
8079 -0.774641
8080 -0.768243
8081 -0.761768
8082 -0.755218
8083 -0.748591
8084 -0.74189
8085 -0.735115
8086 -0.728266
8087 -0.721346
8088 -0.714354
8089 -0.707291
8090 -0.700159
8091 -0.692958
8092 -0.685689
8093 -0.678352
8094 -0.67095
8095 -0.663482
8096 -0.655949
8097 -0.648353
8098 -0.640695
8099 -0.632975
8100 -0.625184
8101 -0.617257
8102 -0.60927
8103 -0.601224
8104 -0.593118
8105 -0.584956
8106 -0.576737
8107 -0.568462
8108 -0.560132
8109 -0.551749
8110 -0.543313
8111 -0.534824
8112 -0.526285
8113 -0.517695
8114 -0.509056
8115 -0.500368
8116 -0.491633
8117 -0.482851
8118 -0.474024
8119 -0.465151
8120 -0.456234
8121 -0.447274
8122 -0.438271
8123 -0.429227
8124 -0.420141
8125 -0.411016
8126 -0.401852
8127 -0.392649
8128 -0.383408
8129 -0.374131
8130 -0.364817
8131 -0.355468
8132 -0.346084
8133 -0.336666
8134 -0.327215
8135 -0.317731
8136 -0.308216
8137 -0.29867
8138 -0.289092
8139 -0.279486
8140 -0.26985
8141 -0.260186
8142 -0.250494
8143 -0.240775
8144 -0.231029
8145 -0.221258
8146 -0.211461
8147 -0.20164
8148 -0.191795
8149 -0.181927
8150 -0.172037
8151 -0.162124
8152 -0.152191
8153 -0.142236
8154 -0.132262
8155 -0.122269
8156 -0.112257
8157 -0.102228
8158 -0.092181
8159 -0.082118
8160 -0.0720391
8161 -0.0619454
8162 -0.0518375
8163 -0.0417164
8164 -0.0315826
8165 -0.0214368
8166 -0.0112801
8167 -0.00111326
8168 0.00906295
8169 0.0189879
8170 0.028699
8171 0.0384158
8172 0.048138
8173 0.0578643
8174 0.0675938
8175 0.0773257
8176 0.0870592
8177 0.0967931
8178 0.106526
8179 0.116767
8180 0.126083
8181 0.133686
8182 0.143169
8183 0.154396
8184 0.165621
8185 0.176842
8186 0.186672
8187 0.196305
8188 0.205931
8189 0.215549
8190 0.225158
8191 0.234757
8192 0.244344
8193 0.253918
8194 0.263477
8195 0.273022
8196 0.282549
8197 0.292058
8198 0.301548
8199 0.311017
8200 0.320464
8201 0.329888
8202 0.339287
8203 0.34866
8204 0.358007
8205 0.367324
8206 0.376612
8207 0.385869
8208 0.395094
8209 0.404286
8210 0.413442
8211 0.422563
8212 0.431646
8213 0.441031
8214 0.449704
8215 0.458119
8216 0.470556
8217 0.479754
8218 0.48824
8219 0.496689
8220 0.505099
8221 0.513469
8222 0.521797
8223 0.530084
8224 0.538328
8225 0.546528
8226 0.554682
8227 0.56279
8228 0.57085
8229 0.578862
8230 0.586825
8231 0.594737
8232 0.602597
8233 0.610405
8234 0.61816
8235 0.625859
8236 0.633503
8237 0.64109
8238 0.64862
8239 0.656092
8240 0.663503
8241 0.670854
8242 0.678144
8243 0.685372
8244 0.692536
8245 0.699636
8246 0.706671
8247 0.713639
8248 0.720541
8249 0.727375
8250 0.734141
8251 0.740837
8252 0.747463
8253 0.754018
8254 0.760501
8255 0.76691
8256 0.773247
8257 0.779509
8258 0.785696
8259 0.791807
8260 0.797842
8261 0.803799
8262 0.809678
8263 0.815478
8264 0.821199
8265 0.82684
8266 0.8324
8267 0.837878
8268 0.843275
8269 0.848588
8270 0.853818
8271 0.858964
8272 0.864026
8273 0.869002
8274 0.873893
8275 0.878697
8276 0.883415
8277 0.888045
8278 0.892587
8279 0.897041
8280 0.901406
8281 0.905681
8282 0.909867
8283 0.913962
8284 0.917967
8285 0.92188
8286 0.925702
8287 0.929432
8288 0.933069
8289 0.936614
8290 0.940066
8291 0.943423
8292 0.946687
8293 0.949857
8294 0.952932
8295 0.955913
8296 0.958798
8297 0.961587
8298 0.964281
8299 0.966879
8300 0.969381
8301 0.971786
8302 0.974094
8303 0.976306
8304 0.97842
8305 0.980436
8306 0.982355
8307 0.984176
8308 0.985898
8309 0.987523
8310 0.98905
8311 0.990477
8312 0.991806
8313 0.993036
8314 0.994101
8315 0.995008
8316 0.995828
8317 0.996561
8318 0.997207
8319 0.997766
8320 0.998238
8321 0.998622
8322 0.998919
8323 0.999128
8324 0.99925
8325 0.999284
8326 0.999231
8327 0.999091
8328 0.998862
8329 0.998537
8330 0.998101
8331 0.997572
8332 0.996952
8333 0.99624
8334 0.995437
8335 0.994542
8336 0.993556
8337 0.992478
8338 0.991309
8339 0.990032
8340 0.988568
8341 0.987004
8342 0.98534
8343 0.983577
8344 0.981715
8345 0.979754
8346 0.977694
8347 0.975534
8348 0.973276
8349 0.97092
8350 0.968465
8351 0.965912
8352 0.96326
8353 0.960511
8354 0.957664
8355 0.95472
8356 0.951679
8357 0.948541
8358 0.945306
8359 0.941975
8360 0.938547
8361 0.935024
8362 0.931405
8363 0.927691
8364 0.923882
8365 0.919979
8366 0.915982
8367 0.911891
8368 0.907706
8369 0.903428
8370 0.899058
8371 0.894596
8372 0.890041
8373 0.885396
8374 0.88066
8375 0.875833
8376 0.870917
8377 0.865911
8378 0.860817
8379 0.855634
8380 0.850364
8381 0.845006
8382 0.839562
8383 0.834032
8384 0.828417
8385 0.822717
8386 0.816933
8387 0.811065
8388 0.805115
8389 0.799083
8390 0.79297
8391 0.786776
8392 0.780502
8393 0.77415
8394 0.767719
8395 0.76121
8396 0.754625
8397 0.747964
8398 0.741228
8399 0.734418
8400 0.727534
8401 0.720578
8402 0.713551
8403 0.706453
8404 0.699285
8405 0.692048
8406 0.684744
8407 0.677372
8408 0.669935
8409 0.662433
8410 0.654867
8411 0.647238
8412 0.639548
8413 0.631796
8414 0.623985
8415 0.616115
8416 0.608188
8417 0.600204
8418 0.592165
8419 0.584072
8420 0.575925
8421 0.567727
8422 0.559477
8423 0.551178
8424 0.542831
8425 0.534436
8426 0.525995
8427 0.517509
8428 0.508979
8429 0.500407
8430 0.491794
8431 0.48314
8432 0.474448
8433 0.465718
8434 0.456952
8435 0.448151
8436 0.439316
8437 0.430449
8438 0.42155
8439 0.412965
8440 0.40286
8441 0.39417
8442 0.384816
8443 0.37543
8444 0.366012
8445 0.356565
8446 0.347088
8447 0.337585
8448 0.328056
8449 0.318502
8450 0.308926
8451 0.299328
8452 0.289709
8453 0.280072
8454 0.270418
8455 0.260748
8456 0.251063
8457 0.241365
8458 0.231655
8459 0.221935
8460 0.212206
8461 0.20247
8462 0.192727
8463 0.18298
8464 0.173229
8465 0.163477
8466 0.153723
8467 0.143971
8468 0.133887
8469 0.122555
8470 0.111227
8471 0.103482
8472 0.0963934
8473 0.0845501
8474 0.0728754
8475 0.0630991
8476 0.0533294
8477 0.0435674
8478 0.0338141
8479 0.0240703
8480 0.0138988
8481 0.00368878
8482 -0.00650791
8483 -0.0166901
8484 -0.0268571
8485 -0.037008
8486 -0.0471418
8487 -0.0572577
8488 -0.067355
8489 -0.0774327
8490 -0.08749
8491 -0.0975265
8492 -0.107541
8493 -0.117533
8494 -0.127502
8495 -0.137447
8496 -0.147368
8497 -0.157263
8498 -0.167133
8499 -0.176976
8500 -0.186792
8501 -0.196581
8502 -0.206342
8503 -0.216074
8504 -0.225776
8505 -0.235449
8506 -0.245092
8507 -0.254704
8508 -0.264285
8509 -0.273833
8510 -0.28335
8511 -0.292833
8512 -0.302284
8513 -0.3117
8514 -0.321082
8515 -0.330429
8516 -0.33974
8517 -0.349016
8518 -0.358255
8519 -0.367457
8520 -0.376622
8521 -0.385748
8522 -0.394836
8523 -0.403885
8524 -0.412894
8525 -0.421862
8526 -0.43079
8527 -0.439676
8528 -0.44852
8529 -0.457321
8530 -0.466079
8531 -0.474792
8532 -0.483461
8533 -0.492084
8534 -0.500662
8535 -0.509192
8536 -0.517676
8537 -0.526111
8538 -0.534497
8539 -0.542833
8540 -0.551119
8541 -0.559354
8542 -0.567538
8543 -0.575668
8544 -0.583745
8545 -0.591768
8546 -0.599736
8547 -0.607648
8548 -0.615504
8549 -0.623303
8550 -0.631043
8551 -0.638724
8552 -0.646346
8553 -0.653907
8554 -0.661406
8555 -0.668844
8556 -0.676133
8557 -0.68336
8558 -0.690522
8559 -0.697621
8560 -0.704655
8561 -0.711622
8562 -0.718523
8563 -0.725357
8564 -0.732122
8565 -0.738819
8566 -0.745445
8567 -0.752001
8568 -0.758485
8569 -0.764897
8570 -0.771237
8571 -0.777502
8572 -0.783693
8573 -0.789809
8574 -0.795848
8575 -0.801812
8576 -0.807697
8577 -0.813505
8578 -0.819234
8579 -0.824883
8580 -0.830452
8581 -0.83594
8582 -0.841347
8583 -0.846671
8584 -0.851913
8585 -0.857071
8586 -0.862146
8587 -0.867136
8588 -0.872041
8589 -0.876859
8590 -0.881592
8591 -0.886238
8592 -0.890796
8593 -0.895267
8594 -0.899649
8595 -0.903942
8596 -0.908146
8597 -0.91226
8598 -0.916284
8599 -0.920217
8600 -0.924058
8601 -0.927809
8602 -0.931467
8603 -0.935033
8604 -0.938506
8605 -0.941885
8606 -0.945172
8607 -0.948364
8608 -0.951462
8609 -0.954466
8610 -0.957375
8611 -0.960188
8612 -0.962907
8613 -0.965529
8614 -0.968055
8615 -0.970485
8616 -0.972819
8617 -0.975056
8618 -0.977196
8619 -0.979238
8620 -0.981183
8621 -0.983031
8622 -0.98478
8623 -0.986432
8624 -0.987985
8625 -0.98944
8626 -0.990796
8627 -0.992054
8628 -0.993213
8629 -0.994273
8630 -0.995234
8631 -0.995948
8632 -0.996534
8633 -0.997047
8634 -0.997487
8635 -0.997854
8636 -0.998148
8637 -0.998369
8638 -0.998517
8639 -0.998592
8640 -0.998594
8641 -0.998523
8642 -0.998379
8643 -0.998162
8644 -0.997871
8645 -0.997508
8646 -0.99707
8647 -0.996337
8648 -0.995504
8649 -0.994571
8650 -0.993538
8651 -0.992406
8652 -0.991173
8653 -0.989842
8654 -0.988411
8655 -0.986881
8656 -0.985251
8657 -0.983522
8658 -0.981695
8659 -0.979768
8660 -0.977743
8661 -0.975619
8662 -0.973396
8663 -0.971076
8664 -0.968657
8665 -0.96614
8666 -0.963525
8667 -0.960814
8668 -0.958004
8669 -0.955098
8670 -0.952095
8671 -0.948995
8672 -0.945799
8673 -0.942507
8674 -0.939119
8675 -0.935636
8676 -0.932058
8677 -0.928385
8678 -0.924617
8679 -0.920756
8680 -0.9168
8681 -0.912751
8682 -0.908609
8683 -0.904375
8684 -0.900048
8685 -0.89563
8686 -0.891121
8687 -0.886521
8688 -0.88183
8689 -0.877049
8690 -0.872179
8691 -0.86722
8692 -0.862173
8693 -0.857038
8694 -0.851816
8695 -0.846507
8696 -0.841112
8697 -0.835631
8698 -0.830066
8699 -0.824416
8700 -0.818683
8701 -0.812867
8702 -0.806968
8703 -0.800987
8704 -0.794926
8705 -0.788785
8706 -0.782564
8707 -0.776264
8708 -0.769886
8709 -0.763431
8710 -0.7569
8711 -0.750293
8712 -0.74361
8713 -0.736854
8714 -0.730024
8715 -0.723122
8716 -0.716148
8717 -0.709104
8718 -0.701989
8719 -0.694806
8720 -0.687554
8721 -0.680234
8722 -0.672849
8723 -0.665398
8724 -0.657881
8725 -0.650302
8726 -0.642659
8727 -0.634955
8728 -0.627189
8729 -0.61929
8730 -0.611318
8731 -0.603287
8732 -0.595196
8733 -0.587049
8734 -0.578844
8735 -0.570583
8736 -0.562267
8737 -0.553898
8738 -0.545475
8739 -0.537
8740 -0.528473
8741 -0.519896
8742 -0.51127
8743 -0.502594
8744 -0.493871
8745 -0.485101
8746 -0.476285
8747 -0.467424
8748 -0.458518
8749 -0.449569
8750 -0.440577
8751 -0.431543
8752 -0.422469
8753 -0.413353
8754 -0.404199
8755 -0.395006
8756 -0.385774
8757 -0.376506
8758 -0.367202
8759 -0.357862
8760 -0.348487
8761 -0.339077
8762 -0.329635
8763 -0.320159
8764 -0.310652
8765 -0.301114
8766 -0.291544
8767 -0.281945
8768 -0.272317
8769 -0.26266
8770 -0.252975
8771 -0.243262
8772 -0.233523
8773 -0.223759
8774 -0.213968
8775 -0.204154
8776 -0.194315
8777 -0.184453
8778 -0.174568
8779 -0.164661
8780 -0.154733
8781 -0.144784
8782 -0.134815
8783 -0.124826
8784 -0.114819
8785 -0.104794
8786 -0.0947516
8787 -0.0846925
8788 -0.0746177
8789 -0.0645278
8790 -0.0544235
8791 -0.0443055
8792 -0.0341748
8793 -0.0240321
8794 -0.0138781
8795 -0.00371376
8796 0.00646012
8797 0.016506
8798 0.0262152
8799 0.0359307
8800 0.0456516
8801 0.0553769
8802 0.0651057
8803 0.0748371
8804 0.0845703
8805 0.0943042
8806 0.104038
8807 0.114113
8808 0.124139
8809 0.131742
8810 0.140298
8811 0.151526
8812 0.162751
8813 0.173973
8814 0.184207
8815 0.193842
8816 0.20347
8817 0.213091
8818 0.222702
8819 0.232304
8820 0.241894
8821 0.251471
8822 0.261034
8823 0.270583
8824 0.280114
8825 0.289628
8826 0.299123
8827 0.308598
8828 0.318051
8829 0.32748
8830 0.336886
8831 0.346266
8832 0.355619
8833 0.364945
8834 0.37424
8835 0.383505
8836 0.392739
8837 0.401939
8838 0.411104
8839 0.420234
8840 0.429327
8841 0.438382
8842 0.447613
8843 0.45578
8844 0.467382
8845 0.477579
8846 0.486074
8847 0.494532
8848 0.502952
8849 0.511332
8850 0.519672
8851 0.527969
8852 0.536224
8853 0.544435
8854 0.552601
8855 0.560721
8856 0.568794
8857 0.576818
8858 0.584794
8859 0.592719
8860 0.600593
8861 0.608414
8862 0.616182
8863 0.623896
8864 0.631554
8865 0.639156
8866 0.646701
8867 0.654187
8868 0.661614
8869 0.668981
8870 0.676286
8871 0.68353
8872 0.69071
8873 0.697826
8874 0.704878
8875 0.711864
8876 0.718783
8877 0.725635
8878 0.732418
8879 0.739132
8880 0.745776
8881 0.752349
8882 0.75885
8883 0.765279
8884 0.771634
8885 0.777915
8886 0.784121
8887 0.790252
8888 0.796306
8889 0.802283
8890 0.808182
8891 0.814003
8892 0.819744
8893 0.825405
8894 0.830986
8895 0.836485
8896 0.841903
8897 0.847237
8898 0.852489
8899 0.857657
8900 0.86274
8901 0.867738
8902 0.872651
8903 0.877477
8904 0.882217
8905 0.886869
8906 0.891434
8907 0.895911
8908 0.900298
8909 0.904597
8910 0.908805
8911 0.912924
8912 0.916952
8913 0.920888
8914 0.924734
8915 0.928487
8916 0.932148
8917 0.935716
8918 0.939192
8919 0.942573
8920 0.945861
8921 0.949055
8922 0.952155
8923 0.955159
8924 0.958069
8925 0.960883
8926 0.963602
8927 0.966224
8928 0.96875
8929 0.97118
8930 0.973513
8931 0.975749
8932 0.977888
8933 0.97993
8934 0.981873
8935 0.983719
8936 0.985467
8937 0.987117
8938 0.988668
8939 0.990121
8940 0.991475
8941 0.992731
8942 0.993849
8943 0.994784
8944 0.995626
8945 0.996382
8946 0.997051
8947 0.997632
8948 0.998126
8949 0.998532
8950 0.998851
8951 0.999083
8952 0.999227
8953 0.999284
8954 0.999253
8955 0.999135
8956 0.998929
8957 0.998634
8958 0.998221
8959 0.997716
8960 0.997119
8961 0.996431
8962 0.995651
8963 0.99478
8964 0.993817
8965 0.992762
8966 0.991616
8967 0.990379
8968 0.988952
8969 0.987413
8970 0.985775
8971 0.984038
8972 0.982201
8973 0.980265
8974 0.97823
8975 0.976096
8976 0.973863
8977 0.971532
8978 0.969102
8979 0.966574
8980 0.963947
8981 0.961223
8982 0.958402
8983 0.955482
8984 0.952466
8985 0.949353
8986 0.946142
8987 0.942835
8988 0.939433
8989 0.935934
8990 0.932339
8991 0.92865
8992 0.924865
8993 0.920986
8994 0.917013
8995 0.912945
8996 0.908785
8997 0.904531
8998 0.900184
8999 0.895745
9000 0.891214
9001 0.886593
9002 0.881879
9003 0.877076
9004 0.872182
9005 0.8672
9006 0.862128
9007 0.856967
9008 0.85172
9009 0.846384
9010 0.840962
9011 0.835454
9012 0.829861
9013 0.824182
9014 0.81842
9015 0.812573
9016 0.806645
9017 0.800633
9018 0.794541
9019 0.788367
9020 0.782114
9021 0.775782
9022 0.769371
9023 0.762882
9024 0.756316
9025 0.749674
9026 0.742958
9027 0.736166
9028 0.729301
9029 0.722364
9030 0.715355
9031 0.708274
9032 0.701124
9033 0.693905
9034 0.686618
9035 0.679264
9036 0.671843
9037 0.664358
9038 0.656808
9039 0.649195
9040 0.64152
9041 0.633784
9042 0.625988
9043 0.618133
9044 0.610221
9045 0.602251
9046 0.594226
9047 0.586146
9048 0.578013
9049 0.569828
9050 0.561591
9051 0.553305
9052 0.54497
9053 0.536587
9054 0.528158
9055 0.519683
9056 0.511164
9057 0.502603
9058 0.494
9059 0.485357
9060 0.476674
9061 0.467954
9062 0.459197
9063 0.450404
9064 0.441578
9065 0.432719
9066 0.423828
9067 0.414907
9068 0.405448
9069 0.396057
9070 0.387211
9071 0.377833
9072 0.368423
9073 0.358983
9074 0.349514
9075 0.340017
9076 0.330495
9077 0.320947
9078 0.311377
9079 0.301784
9080 0.292171
9081 0.282538
9082 0.272888
9083 0.263222
9084 0.25354
9085 0.243846
9086 0.234139
9087 0.224421
9088 0.214695
9089 0.20496
9090 0.195219
9091 0.185473
9092 0.175723
9093 0.165971
9094 0.156217
9095 0.146464
9096 0.136713
9097 0.125452
9098 0.114123
9099 0.105441
9100 0.098184
9101 0.0877712
9102 0.0753761
9103 0.0655983
9104 0.0558269
9105 0.0460627
9106 0.0363071
9107 0.0265608
9108 0.0165115
9109 0.00629816
9110 -0.00390189
9111 -0.014088
9112 -0.024259
9113 -0.0344141
9114 -0.0445523
9115 -0.0546728
9116 -0.0647749
9117 -0.0748577
9118 -0.0849205
9119 -0.0949622
9120 -0.104982
9121 -0.11498
9122 -0.124955
9123 -0.134907
9124 -0.144834
9125 -0.154735
9126 -0.164612
9127 -0.174462
9128 -0.184285
9129 -0.194081
9130 -0.203849
9131 -0.213588
9132 -0.223298
9133 -0.232979
9134 -0.242629
9135 -0.252249
9136 -0.261838
9137 -0.271395
9138 -0.28092
9139 -0.290412
9140 -0.29987
9141 -0.309295
9142 -0.318686
9143 -0.328042
9144 -0.337363
9145 -0.346648
9146 -0.355896
9147 -0.365108
9148 -0.374282
9149 -0.383419
9150 -0.392516
9151 -0.401575
9152 -0.410594
9153 -0.419573
9154 -0.428511
9155 -0.437408
9156 -0.446262
9157 -0.455075
9158 -0.463843
9159 -0.472569
9160 -0.481249
9161 -0.489884
9162 -0.498473
9163 -0.507016
9164 -0.515511
9165 -0.523958
9166 -0.532357
9167 -0.540706
9168 -0.549005
9169 -0.557254
9170 -0.56545
9171 -0.573594
9172 -0.581685
9173 -0.589722
9174 -0.597704
9175 -0.605631
9176 -0.613501
9177 -0.621314
9178 -0.629069
9179 -0.636766
9180 -0.644403
9181 -0.651979
9182 -0.659494
9183 -0.666948
9184 -0.674276
9185 -0.681518
9186 -0.688697
9187 -0.695812
9188 -0.702862
9189 -0.709847
9190 -0.716765
9191 -0.723616
9192 -0.730399
9193 -0.737113
9194 -0.743757
9195 -0.750331
9196 -0.756834
9197 -0.763265
9198 -0.769623
9199 -0.775907
9200 -0.782117
9201 -0.788252
9202 -0.794311
9203 -0.800294
9204 -0.8062
9205 -0.812027
9206 -0.817776
9207 -0.823446
9208 -0.829035
9209 -0.834544
9210 -0.839972
9211 -0.845317
9212 -0.850581
9213 -0.85576
9214 -0.860856
9215 -0.865868
9216 -0.870794
9217 -0.875635
9218 -0.88039
9219 -0.885058
9220 -0.889639
9221 -0.894132
9222 -0.898537
9223 -0.902852
9224 -0.90708
9225 -0.911216
9226 -0.915264
9227 -0.91922
9228 -0.923085
9229 -0.926858
9230 -0.93054
9231 -0.93413
9232 -0.937627
9233 -0.94103
9234 -0.94434
9235 -0.947557
9236 -0.950679
9237 -0.953707
9238 -0.95664
9239 -0.959478
9240 -0.962221
9241 -0.964868
9242 -0.967418
9243 -0.969873
9244 -0.972232
9245 -0.974493
9246 -0.976657
9247 -0.978725
9248 -0.980695
9249 -0.982568
9250 -0.984342
9251 -0.986019
9252 -0.987597
9253 -0.989077
9254 -0.990459
9255 -0.991742
9256 -0.992926
9257 -0.994011
9258 -0.994998
9259 -0.995786
9260 -0.996391
9261 -0.996923
9262 -0.997381
9263 -0.997767
9264 -0.99808
9265 -0.99832
9266 -0.998486
9267 -0.99858
9268 -0.998601
9269 -0.998548
9270 -0.998423
9271 -0.998224
9272 -0.997952
9273 -0.997607
9274 -0.99719
9275 -0.996534
9276 -0.995726
9277 -0.994819
9278 -0.993812
9279 -0.992705
9280 -0.991498
9281 -0.990192
9282 -0.988786
9283 -0.987281
9284 -0.985677
9285 -0.983974
9286 -0.982172
9287 -0.98027
9288 -0.97827
9289 -0.976171
9290 -0.973974
9291 -0.971678
9292 -0.969284
9293 -0.966793
9294 -0.964203
9295 -0.961516
9296 -0.958732
9297 -0.95585
9298 -0.952872
9299 -0.949797
9300 -0.946626
9301 -0.943358
9302 -0.939995
9303 -0.936536
9304 -0.932982
9305 -0.929333
9306 -0.92559
9307 -0.921752
9308 -0.917821
9309 -0.913795
9310 -0.909677
9311 -0.905467
9312 -0.901164
9313 -0.896769
9314 -0.892283
9315 -0.887706
9316 -0.883038
9317 -0.87828
9318 -0.873433
9319 -0.868497
9320 -0.863472
9321 -0.85836
9322 -0.85316
9323 -0.847873
9324 -0.842499
9325 -0.837041
9326 -0.831497
9327 -0.825868
9328 -0.820157
9329 -0.814361
9330 -0.808484
9331 -0.802524
9332 -0.796484
9333 -0.790363
9334 -0.784162
9335 -0.777882
9336 -0.771524
9337 -0.765089
9338 -0.758577
9339 -0.751989
9340 -0.745326
9341 -0.738588
9342 -0.731778
9343 -0.724894
9344 -0.717939
9345 -0.710912
9346 -0.703815
9347 -0.696649
9348 -0.689414
9349 -0.682112
9350 -0.674744
9351 -0.667309
9352 -0.65981
9353 -0.652246
9354 -0.644619
9355 -0.636931
9356 -0.629181
9357 -0.621319
9358 -0.613362
9359 -0.605346
9360 -0.59727
9361 -0.589137
9362 -0.580947
9363 -0.572701
9364 -0.564399
9365 -0.556043
9366 -0.547634
9367 -0.539172
9368 -0.530658
9369 -0.522094
9370 -0.51348
9371 -0.504817
9372 -0.496106
9373 -0.487348
9374 -0.478544
9375 -0.469694
9376 -0.460799
9377 -0.451861
9378 -0.44288
9379 -0.433857
9380 -0.424793
9381 -0.415688
9382 -0.406543
9383 -0.39736
9384 -0.388139
9385 -0.37888
9386 -0.369584
9387 -0.360253
9388 -0.350887
9389 -0.341486
9390 -0.332052
9391 -0.322585
9392 -0.313086
9393 -0.303555
9394 -0.293994
9395 -0.284402
9396 -0.274781
9397 -0.265132
9398 -0.255454
9399 -0.245748
9400 -0.236016
9401 -0.226258
9402 -0.216474
9403 -0.206666
9404 -0.196833
9405 -0.186977
9406 -0.177098
9407 -0.167196
9408 -0.157273
9409 -0.14733
9410 -0.137366
9411 -0.127382
9412 -0.11738
9413 -0.107359
9414 -0.0973209
9415 -0.0872662
9416 -0.0771952
9417 -0.0671092
9418 -0.0570084
9419 -0.046894
9420 -0.0367664
9421 -0.0266266
9422 -0.0164754
9423 -0.00631375
9424 0.0038578
9425 0.0140244
9426 0.023732
9427 0.033446
9428 0.0431655
9429 0.0528898
9430 0.0626178
9431 0.0723485
9432 0.0820814
9433 0.0918151
9434 0.101549
9435 0.111459
9436 0.121881
9437 0.129798
9438 0.137427
9439 0.148655
9440 0.159881
9441 0.171104
9442 0.181743
9443 0.191379
9444 0.201009
9445 0.210632
9446 0.220246
9447 0.22985
9448 0.239443
9449 0.249023
9450 0.258591
9451 0.268143
9452 0.277679
9453 0.287197
9454 0.296697
9455 0.306177
9456 0.315636
9457 0.325071
9458 0.334483
9459 0.34387
9460 0.35323
9461 0.362563
9462 0.371866
9463 0.381139
9464 0.390381
9465 0.399589
9466 0.408764
9467 0.417903
9468 0.427005
9469 0.43607
9470 0.445521
9471 0.453694
9472 0.464204
9473 0.475401
9474 0.483905
9475 0.492373
9476 0.500803
9477 0.509193
9478 0.517543
9479 0.525852
9480 0.534118
9481 0.54234
9482 0.550518
9483 0.558649
9484 0.566734
9485 0.574771
9486 0.582759
9487 0.590697
9488 0.598584
9489 0.606419
9490 0.614201
9491 0.621928
9492 0.629601
9493 0.637218
9494 0.644777
9495 0.652278
9496 0.65972
9497 0.667103
9498 0.674424
9499 0.681683
9500 0.68888
9501 0.696013
9502 0.703081
9503 0.710084
9504 0.71702
9505 0.723889
9506 0.73069
9507 0.737422
9508 0.744084
9509 0.750675
9510 0.757194
9511 0.763642
9512 0.770016
9513 0.776316
9514 0.782541
9515 0.788692
9516 0.794765
9517 0.800762
9518 0.806681
9519 0.812522
9520 0.818283
9521 0.823965
9522 0.829567
9523 0.835087
9524 0.840525
9525 0.845881
9526 0.851154
9527 0.856343
9528 0.861448
9529 0.866468
9530 0.871403
9531 0.876251
9532 0.881013
9533 0.885688
9534 0.890275
9535 0.894774
9536 0.899185
9537 0.903506
9538 0.907738
9539 0.911879
9540 0.915931
9541 0.91989
9542 0.923759
9543 0.927536
9544 0.931221
9545 0.934813
9546 0.938312
9547 0.941718
9548 0.94503
9549 0.948248
9550 0.951371
9551 0.9544
9552 0.957334
9553 0.960173
9554 0.962916
9555 0.965563
9556 0.968114
9557 0.970568
9558 0.972926
9559 0.975187
9560 0.977351
9561 0.979417
9562 0.981386
9563 0.983257
9564 0.98503
9565 0.986705
9566 0.988281
9567 0.989759
9568 0.991139
9569 0.992419
9570 0.99359
9571 0.994555
9572 0.99542
9573 0.996197
9574 0.996888
9575 0.997491
9576 0.998007
9577 0.998436
9578 0.998778
9579 0.999032
9580 0.999199
9581 0.999278
9582 0.99927
9583 0.999174
9584 0.99899
9585 0.998719
9586 0.998335
9587 0.997854
9588 0.997281
9589 0.996616
9590 0.995859
9591 0.995011
9592 0.994072
9593 0.993041
9594 0.991918
9595 0.990704
9596 0.989329
9597 0.987816
9598 0.986203
9599 0.984492
9600 0.98268
9601 0.98077
9602 0.97876
9603 0.976651
9604 0.974444
9605 0.972137
9606 0.969733
9607 0.96723
9608 0.964628
9609 0.961929
9610 0.959132
9611 0.956238
9612 0.953246
9613 0.950158
9614 0.946972
9615 0.94369
9616 0.940312
9617 0.936838
9618 0.933268
9619 0.929602
9620 0.925842
9621 0.921987
9622 0.918038
9623 0.913994
9624 0.909858
9625 0.905627
9626 0.901304
9627 0.896889
9628 0.892382
9629 0.887783
9630 0.883093
9631 0.878313
9632 0.873442
9633 0.868482
9634 0.863433
9635 0.858295
9636 0.85307
9637 0.847757
9638 0.842357
9639 0.836871
9640 0.831299
9641 0.825642
9642 0.819901
9643 0.814076
9644 0.808168
9645 0.802178
9646 0.796106
9647 0.789954
9648 0.783721
9649 0.777408
9650 0.771017
9651 0.764548
9652 0.758002
9653 0.75138
9654 0.744682
9655 0.73791
9656 0.731064
9657 0.724145
9658 0.717154
9659 0.710092
9660 0.702959
9661 0.695758
9662 0.688488
9663 0.681151
9664 0.673747
9665 0.666278
9666 0.658745
9667 0.651148
9668 0.643488
9669 0.635768
9670 0.627987
9671 0.620147
9672 0.612249
9673 0.604294
9674 0.596283
9675 0.588217
9676 0.580098
9677 0.571926
9678 0.563702
9679 0.555428
9680 0.547105
9681 0.538735
9682 0.530317
9683 0.521854
9684 0.513346
9685 0.504796
9686 0.496204
9687 0.48757
9688 0.478898
9689 0.470187
9690 0.461439
9691 0.452656
9692 0.443838
9693 0.434987
9694 0.426104
9695 0.417191
9696 0.408034
9697 0.397904
9698 0.389604
9699 0.380234
9700 0.370832
9701 0.3614
9702 0.351938
9703 0.342448
9704 0.332932
9705 0.323391
9706 0.313826
9707 0.304239
9708 0.294631
9709 0.285003
9710 0.275357
9711 0.265695
9712 0.256017
9713 0.246326
9714 0.236622
9715 0.226907
9716 0.217183
9717 0.20745
9718 0.19771
9719 0.187965
9720 0.178216
9721 0.168465
9722 0.158711
9723 0.148958
9724 0.139206
9725 0.12835
9726 0.11702
9727 0.1074
9728 0.0999746
9729 0.0909927
9730 0.0783963
9731 0.068098
9732 0.0583246
9733 0.0485586
9734 0.0388007
9735 0.029052
9736 0.0191251
9737 0.00890855
9738 -0.00129514
9739 -0.0114848
9740 -0.0216597
9741 -0.031819
9742 -0.0419616
9743 -0.0520868
9744 -0.0621936
9745 -0.0722814
9746 -0.0823494
9747 -0.0923965
9748 -0.102422
9749 -0.112426
9750 -0.122407
9751 -0.132364
9752 -0.142298
9753 -0.152206
9754 -0.162089
9755 -0.171946
9756 -0.181776
9757 -0.191579
9758 -0.201354
9759 -0.2111
9760 -0.220818
9761 -0.230507
9762 -0.240165
9763 -0.249792
9764 -0.259389
9765 -0.268954
9766 -0.278487
9767 -0.287988
9768 -0.297455
9769 -0.306889
9770 -0.316288
9771 -0.325653
9772 -0.334983
9773 -0.344277
9774 -0.353535
9775 -0.362756
9776 -0.37194
9777 -0.381086
9778 -0.390194
9779 -0.399263
9780 -0.408292
9781 -0.417281
9782 -0.42623
9783 -0.435137
9784 -0.444003
9785 -0.452826
9786 -0.461606
9787 -0.470342
9788 -0.479033
9789 -0.48768
9790 -0.496281
9791 -0.504836
9792 -0.513343
9793 -0.521803
9794 -0.530214
9795 -0.538576
9796 -0.546888
9797 -0.555149
9798 -0.563359
9799 -0.571517
9800 -0.579621
9801 -0.587672
9802 -0.595668
9803 -0.603609
9804 -0.611494
9805 -0.619322
9806 -0.627092
9807 -0.634803
9808 -0.642455
9809 -0.650048
9810 -0.657579
9811 -0.665048
9812 -0.672414
9813 -0.679672
9814 -0.686868
9815 -0.693999
9816 -0.701066
9817 -0.708067
9818 -0.715002
9819 -0.721871
9820 -0.728671
9821 -0.735403
9822 -0.742065
9823 -0.748657
9824 -0.755178
9825 -0.761627
9826 -0.768004
9827 -0.774307
9828 -0.780536
9829 -0.786691
9830 -0.79277
9831 -0.798772
9832 -0.804697
9833 -0.810545
9834 -0.816314
9835 -0.822004
9836 -0.827614
9837 -0.833143
9838 -0.838592
9839 -0.843958
9840 -0.849243
9841 -0.854444
9842 -0.859561
9843 -0.864594
9844 -0.869543
9845 -0.874406
9846 -0.879182
9847 -0.883873
9848 -0.888476
9849 -0.892991
9850 -0.897419
9851 -0.901757
9852 -0.906007
9853 -0.910167
9854 -0.914237
9855 -0.918217
9856 -0.922105
9857 -0.925902
9858 -0.929608
9859 -0.933221
9860 -0.936741
9861 -0.940169
9862 -0.943503
9863 -0.946744
9864 -0.94989
9865 -0.952942
9866 -0.955899
9867 -0.958762
9868 -0.961529
9869 -0.9642
9870 -0.966775
9871 -0.969255
9872 -0.971638
9873 -0.973924
9874 -0.976113
9875 -0.978206
9876 -0.980201
9877 -0.982098
9878 -0.983898
9879 -0.985599
9880 -0.987203
9881 -0.988708
9882 -0.990115
9883 -0.991423
9884 -0.992633
9885 -0.993743
9886 -0.994755
9887 -0.99562
9888 -0.996244
9889 -0.996794
9890 -0.997271
9891 -0.997676
9892 -0.998007
9893 -0.998265
9894 -0.998451
9895 -0.998563
9896 -0.998602
9897 -0.998569
9898 -0.998462
9899 -0.998282
9900 -0.998029
9901 -0.997703
9902 -0.997303
9903 -0.996725
9904 -0.995942
9905 -0.99506
9906 -0.994079
9907 -0.992997
9908 -0.991816
9909 -0.990535
9910 -0.989155
9911 -0.987676
9912 -0.986097
9913 -0.984419
9914 -0.982642
9915 -0.980766
9916 -0.978791
9917 -0.976717
9918 -0.974545
9919 -0.972275
9920 -0.969906
9921 -0.967439
9922 -0.964875
9923 -0.962212
9924 -0.959453
9925 -0.956596
9926 -0.953643
9927 -0.950592
9928 -0.947446
9929 -0.944203
9930 -0.940864
9931 -0.937429
9932 -0.9339
9933 -0.930275
9934 -0.926556
9935 -0.922742
9936 -0.918835
9937 -0.914834
9938 -0.910739
9939 -0.906552
9940 -0.902273
9941 -0.897902
9942 -0.893439
9943 -0.888884
9944 -0.88424
9945 -0.879505
9946 -0.874681
9947 -0.869767
9948 -0.864765
9949 -0.859675
9950 -0.854497
9951 -0.849233
9952 -0.843881
9953 -0.838445
9954 -0.832922
9955 -0.827316
9956 -0.821625
9957 -0.815851
9958 -0.809995
9959 -0.804056
9960 -0.798036
9961 -0.791936
9962 -0.785755
9963 -0.779496
9964 -0.773158
9965 -0.766742
9966 -0.760249
9967 -0.753681
9968 -0.747037
9969 -0.740319
9970 -0.733526
9971 -0.726661
9972 -0.719724
9973 -0.712715
9974 -0.705636
9975 -0.698488
9976 -0.691271
9977 -0.683986
9978 -0.676634
9979 -0.669216
9980 -0.661733
9981 -0.654186
9982 -0.646575
9983 -0.638903
9984 -0.631168
9985 -0.623343
9986 -0.615402
9987 -0.607401
9988 -0.599341
9989 -0.591222
9990 -0.583047
9991 -0.574815
9992 -0.566527
9993 -0.558185
9994 -0.549789
9995 -0.541341
9996 -0.53284
9997 -0.524289
9998 -0.515687
9999 -0.507037
