10 0.429489
20 0.348648
30 0.2383
40 0.155297
50 0.156903
60 0.0836467
70 0.0921489
80 0.0647282
90 0.0530868
100 0.0392443
110 0.0296914
120 0.0326915
130 0.019986
140 0.0174366
150 0.0126667
160 0.0118737
170 0.0107841
180 0.0086434
190 0.0070353
200 0.00605761
210 0.00568988
220 0.00441517
230 0.00316055
240 0.00290679
250 0.00314657
260 0.00215194
270 0.00205603
280 0.00134186
290 0.0018
300 0.00114575
310 0.00103157
320 0.000863517
330 0.000920435
340 0.000822283
350 0.000729088
360 0.000665604
370 0.000628711
380 0.000561989
390 0.000579701
400 0.000556621
410 0.000499347
420 0.000585491
430 0.000578038
440 0.000512815
450 0.00049
460 0.000407148
470 0.000457091
480 0.000431177
490 0.00046316
500 0.000466605
510 0.000418632
520 0.000456118
530 0.000441193
540 0.000389569
550 0.000355782
560 0.000352374
570 0.000377387
580 0.000430984
590 0.000379176
600 0.000363218
610 0.000291909
620 0.000285455
630 0.000350835
640 0.000349308
650 0.000331227
660 0.000339287
670 0.000304458
680 0.000328865
690 0.000358456
700 0.000293181
710 0.000325147
720 0.000317579
730 0.000296101
740 0.000315759
750 0.00034282
760 0.000251887
770 0.000260206
780 0.00028037
790 0.000338934
800 0.000270295
810 0.000266648
820 0.000271234
830 0.000257303
840 0.000245619
850 0.000231059
860 0.000246847
870 0.000241144
880 0.00019914
890 0.000214471
900 0.00020589
910 0.000173227
920 0.00017318
930 0.000193777
940 0.000235991
950 0.000181435
960 0.000172728
970 0.000174968
980 0.000187105
990 0.000187315
1000 0.000194711
1010 0.000188303
1020 0.000174983
1030 0.000197853
1040 0.000186559
1050 0.000163385
1060 0.000161818
1070 0.00016411
1080 0.000150042
1090 0.000154449
1100 0.000164211
1110 0.000143405
1120 0.000136385
1130 0.000128682
1140 0.000151656
1150 0.00011514
1160 0.00011311
1170 0.000142586
1180 0.000135073
1190 9.92925e-05
1200 0.000113225
1210 0.00012
1220 0.000111745
1230 0.000119139
1240 0.000114565
1250 9.66421e-05
1260 0.000120011
1270 0.000105833
1280 0.000109252
1290 9.9637e-05
1300 9.92581e-05
1310 9.19776e-05
1320 0.000100999
1330 9.31538e-05
1340 9.79901e-05
1350 0.000123538
1360 9.30873e-05
1370 9.61277e-05
1380 9.81257e-05
1390 8.90603e-05
1400 7.24199e-05
1410 7.55121e-05
1420 8.70878e-05
1430 8.39292e-05
1440 8.66985e-05
1450 7.95761e-05
1460 8.13111e-05
1470 7.21567e-05
1480 7.39732e-05
1490 8.75621e-05
1500 8.18124e-05
1510 7.32873e-05
1520 7.99626e-05
1530 8.00554e-05
1540 7.20869e-05
1550 6.60003e-05
1560 6.58664e-05
1570 6.96018e-05
1580 6.64472e-05
1590 8.26197e-05
1600 6.26856e-05
1610 6.37243e-05
1620 6.26013e-05
1630 6.95146e-05
1640 6.89576e-05
1650 5.52498e-05
1660 5.70371e-05
1670 5.72752e-05
1680 6.92165e-05
1690 6.39332e-05
1700 7.19683e-05
1710 6.1883e-05
1720 6.63269e-05
1730 6.56423e-05
1740 6.93545e-05
1750 6.97696e-05
1760 5.8671e-05
1770 5.55279e-05
1780 6.51227e-05
1790 5.75505e-05
1800 6.04274e-05
1810 6.36788e-05
1820 5.19634e-05
1830 6.51012e-05
1840 5.57241e-05
1850 5.81146e-05
1860 5.58847e-05
1870 6.89992e-05
1880 4.46602e-05
1890 6.51579e-05
1900 6.10162e-05
1910 6.24211e-05
1920 7.62947e-05
1930 5.20099e-05
1940 5.66599e-05
1950 5.17278e-05
1960 5.69036e-05
1970 4.22424e-05
1980 5.06493e-05
1990 5.3834e-05
2000 5.05029e-05
2010 4.78507e-05
2020 5.41366e-05
2030 5.55601e-05
2040 4.87421e-05
2050 5.72881e-05
2060 5.46476e-05
2070 4.72771e-05
2080 5.3595e-05
2090 5.92402e-05
2100 5.48838e-05
2110 4.83815e-05
2120 5.2118e-05
2130 5.62622e-05
2140 5.25089e-05
2150 4.90811e-05
2160 4.79514e-05
2170 3.85789e-05
2180 5.84521e-05
2190 5.36617e-05
2200 4.33376e-05
2210 4.60313e-05
2220 4.47645e-05
2230 4.71248e-05
2240 4.84589e-05
2250 4.68256e-05
2260 4.1619e-05
2270 5.33302e-05
2280 4.86338e-05
2290 4.94313e-05
2300 5.18457e-05
2310 4.4403e-05
2320 5.61803e-05
2330 4.82179e-05
2340 5.01102e-05
2350 5.05835e-05
2360 4.76305e-05
2370 4.4796e-05
2380 3.64558e-05
2390 4.64335e-05
2400 5.02014e-05
2410 4.53856e-05
2420 3.98921e-05
2430 4.78141e-05
2440 4.31671e-05
2450 3.98784e-05
2460 4.23296e-05
2470 4.74413e-05
2480 4.0769e-05
2490 5.01733e-05
2500 5.2343e-05
2510 4.18049e-05
2520 4.66885e-05
2530 4.15282e-05
2540 4.14852e-05
2550 4.40897e-05
2560 4.49998e-05
2570 4.34284e-05
2580 4.67934e-05
2590 4.14895e-05
2600 3.96341e-05
2610 4.71134e-05
2620 5.91974e-05
2630 3.55262e-05
2640 4.19552e-05
2650 4.22311e-05
2660 5.83743e-05
2670 5.15997e-05
2680 4.17867e-05
2690 3.7946e-05
2700 3.45465e-05
2710 3.91517e-05
2720 3.53668e-05
2730 4.82892e-05
2740 4.67385e-05
2750 4.00551e-05
2760 4.82928e-05
2770 3.84741e-05
2780 5.99713e-05
2790 4.18411e-05
2800 3.77721e-05
2810 4.09917e-05
2820 4.41643e-05
2830 4.37424e-05
2840 3.72656e-05
2850 4.5049e-05
2860 3.67312e-05
2870 3.78756e-05
2880 4.00604e-05
2890 2.75475e-05
2900 3.92292e-05
2910 5.5464e-05
2920 3.52424e-05
2930 3.67579e-05
2940 3.77456e-05
2950 3.88165e-05
2960 3.93737e-05
2970 3.94839e-05
2980 3.50117e-05
2990 3.62486e-05
3000 3.64221e-05
3010 3.2625e-05
3020 3.54854e-05
3030 3.1778e-05
3040 3.69745e-05
3050 4.2807e-05
3060 3.84897e-05
3070 3.36512e-05
3080 5.99888e-05
3090 3.70335e-05
3100 3.38261e-05
3110 3.56516e-05
3120 3.01882e-05
3130 3.1056e-05
3140 3.16096e-05
3150 2.7893e-05
3160 3.53963e-05
3170 3.47286e-05
3180 3.37054e-05
3190 2.84586e-05
3200 3.25183e-05
3210 3.18213e-05
3220 3.30553e-05
3230 3.287e-05
3240 3.84434e-05
3250 3.8611e-05
3260 2.96407e-05
3270 2.93056e-05
3280 3.2177e-05
3290 3.8689e-05
3300 3.12173e-05
3310 3.68894e-05
3320 2.38587e-05
3330 3.44867e-05
3340 3.22071e-05
3350 2.63077e-05
3360 2.82228e-05
3370 2.80228e-05
3380 3.04931e-05
3390 4.01711e-05
3400 2.75135e-05
3410 3.18173e-05
3420 2.82655e-05
3430 2.99351e-05
3440 2.97635e-05
3450 2.70895e-05
3460 3.54222e-05
3470 2.92362e-05
3480 3.23499e-05
3490 2.44812e-05
3500 2.68577e-05
3510 2.8149e-05
3520 3.10068e-05
3530 2.8e-05
3540 3.55425e-05
3550 2.35423e-05
3560 2.96994e-05
3570 2.71257e-05
3580 2.86436e-05
3590 3.40985e-05
3600 2.86273e-05
3610 2.69037e-05
3620 2.73463e-05
3630 3.37126e-05
3640 2.36941e-05
3650 2.70792e-05
3660 2.36077e-05
3670 3.1309e-05
3680 2.95674e-05
3690 2.87656e-05
3700 2.79441e-05
3710 3.16792e-05
3720 3.82815e-05
3730 2.32042e-05
3740 3.06485e-05
3750 3.62927e-05
3760 2.34352e-05
3770 2.47982e-05
3780 2.51303e-05
3790 2.11456e-05
3800 2.14265e-05
3810 2.7845e-05
3820 2.8778e-05
3830 3.52596e-05
3840 3.67982e-05
3850 2.82063e-05
3860 2.77749e-05
3870 2.9874e-05
3880 2.38873e-05
3890 2.37041e-05
3900 2.02097e-05
3910 2.01929e-05
3920 2.57021e-05
3930 2.28046e-05
3940 2.59551e-05
3950 2.44658e-05
3960 2.6272e-05
3970 2.28167e-05
3980 2.04615e-05
3990 2.01988e-05
4000 2.97932e-05
4010 2.04276e-05
4020 2.08431e-05
4030 2.15651e-05
4040 1.93778e-05
4050 1.91922e-05
4060 2.38235e-05
4070 2.77135e-05
4080 2.38253e-05
4090 3.39774e-05
4100 2.6725e-05
4110 2.04968e-05
4120 2.52142e-05
4130 3.44469e-05
4140 1.89636e-05
4150 2.13086e-05
4160 1.95384e-05
4170 2.38525e-05
4180 2.08781e-05
4190 3.18624e-05
4200 1.72579e-05
4210 2.0366e-05
4220 2.35786e-05
4230 1.96023e-05
4240 1.88727e-05
4250 1.89107e-05
4260 1.9984e-05
4270 2.41199e-05
4280 2.50519e-05
4290 2.06709e-05
4300 2.3455e-05
4310 1.74841e-05
4320 2.55496e-05
4330 1.84238e-05
4340 2.12821e-05
4350 1.97481e-05
4360 1.58419e-05
4370 2.88302e-05
4380 1.81274e-05
4390 1.8984e-05
4400 1.74325e-05
4410 1.76835e-05
4420 2.11334e-05
4430 1.70099e-05
4440 1.84367e-05
4450 1.80248e-05
4460 2.16458e-05
4470 1.96848e-05
4480 2.0873e-05
4490 1.67946e-05
4500 2.98671e-05
4510 2.14829e-05
4520 2.25533e-05
4530 2.36633e-05
4540 2.22942e-05
4550 2.36293e-05
4560 1.64765e-05
4570 1.99147e-05
4580 2.1706e-05
4590 2.16128e-05
4600 1.46346e-05
4610 1.76528e-05
4620 1.86739e-05
4630 1.84498e-05
4640 1.93375e-05
4650 1.50176e-05
4660 2.39831e-05
4670 1.90533e-05
4680 2.26567e-05
4690 1.73229e-05
4700 1.52593e-05
4710 2.24688e-05
4720 1.7031e-05
4730 1.95821e-05
4740 2.00166e-05
4750 1.76129e-05
4760 2.03877e-05
4770 2.03917e-05
4780 1.45555e-05
4790 1.33452e-05
4800 1.47663e-05
4810 1.43776e-05
4820 1.77517e-05
4830 2.06151e-05
4840 1.72683e-05
4850 1.43098e-05
4860 1.2603e-05
4870 2.42775e-05
4880 1.71504e-05
4890 1.27875e-05
4900 1.79745e-05
4910 1.71762e-05
4920 1.54179e-05
4930 1.45594e-05
4940 1.74088e-05
4950 2.2671e-05
4960 1.81399e-05
4970 1.41927e-05
4980 1.44055e-05
4990 1.71659e-05
5000 1.90697e-05
5010 1.43501e-05
5020 1.94505e-05
5030 2.4478e-05
5040 1.67085e-05
5050 1.6035e-05
5060 1.53952e-05
5070 1.53683e-05
5080 1.49287e-05
5090 1.51642e-05
5100 1.59922e-05
5110 3.14903e-05
5120 1.46784e-05
5130 1.37572e-05
5140 1.06987e-05
5150 1.47905e-05
5160 1.54129e-05
5170 1.49169e-05
5180 1.59163e-05
5190 1.75537e-05
5200 1.22181e-05
5210 1.31774e-05
5220 1.61054e-05
5230 1.43049e-05
5240 1.40683e-05
5250 1.34245e-05
5260 1.18946e-05
5270 1.39593e-05
5280 1.43064e-05
5290 3.63577e-05
5300 1.723e-05
5310 2.83065e-05
5320 1.82721e-05
5330 2.17384e-05
5340 1.19475e-05
5350 2.6825e-05
5360 1.42529e-05
5370 1.36846e-05
5380 1.61617e-05
5390 1.11274e-05
5400 1.05888e-05
5410 1.13859e-05
5420 1.30479e-05
5430 1.32291e-05
5440 1.04659e-05
5450 1.27657e-05
5460 2.29499e-05
5470 1.55193e-05
5480 1.61738e-05
5490 3.02106e-05
5500 1.84568e-05
5510 1.37887e-05
5520 1.39536e-05
5530 1.39535e-05
5540 1.59908e-05
5550 1.56181e-05
5560 1.06539e-05
5570 9.94274e-06
5580 1.35361e-05
5590 1.13225e-05
5600 1.31724e-05
5610 1.12845e-05
5620 1.17961e-05
5630 1.89138e-05
5640 1.17771e-05
5650 1.38364e-05
5660 1.4563e-05
5670 1.12575e-05
5680 9.5468e-06
5690 1.34525e-05
5700 9.32097e-06
5710 1.23731e-05
5720 1.04189e-05
5730 1.21296e-05
5740 1.00849e-05
5750 1.22037e-05
5760 1.60915e-05
5770 2.24626e-05
5780 1.5432e-05
5790 1.98582e-05
5800 1.53043e-05
5810 1.20544e-05
5820 9.45243e-06
5830 9.95997e-06
5840 2.35951e-05
5850 2.42089e-05
5860 9.82348e-06
5870 1.27773e-05
5880 8.98411e-06
5890 7.94818e-06
5900 1.05878e-05
5910 9.49119e-06
5920 8.60287e-06
5930 1.15965e-05
5940 1.42582e-05
5950 2.78676e-05
5960 1.93443e-05
5970 1.03229e-05
5980 1.00654e-05
5990 1.01855e-05
6000 1.21939e-05
6010 1.12985e-05
6020 1.5388e-05
6030 9.38058e-06
6040 1.1792e-05
6050 9.98782e-06
6060 9.5429e-06
6070 9.66846e-06
6080 1.16925e-05
6090 9.51893e-06
6100 1.06265e-05
6110 9.37515e-06
6120 8.10568e-06
6130 7.25996e-06
6140 7.92209e-06
6150 1.06782e-05
6160 1.59909e-05
6170 1.46289e-05
6180 9.47292e-06
6190 8.95921e-06
6200 1.14258e-05
6210 8.94309e-06
6220 1.02366e-05
6230 1.4838e-05
6240 1.03743e-05
6250 8.82111e-06
6260 1.39704e-05
6270 8.125e-06
6280 8.9407e-06
6290 7.44908e-06
6300 7.74704e-06
6310 7.41996e-06
6320 8.08817e-06
6330 7.35234e-06
6340 8.1958e-06
6350 7.06967e-06
6360 8.38768e-06
6370 1.77857e-05
6380 7.33583e-06
6390 9.41068e-06
6400 8.88843e-06
6410 7.49118e-06
6420 1.39249e-05
6430 9.39343e-06
6440 6.79534e-06
6450 1.19216e-05
6460 6.67837e-06
6470 6.13366e-06
6480 7.11311e-06
6490 8.02439e-06
6500 7.59742e-06
6510 6.85534e-06
6520 9.33974e-06
6530 1.05482e-05
6540 7.85382e-06
6550 1.18773e-05
6560 1.16074e-05
6570 9.12493e-06
6580 8.41787e-06
6590 1.26742e-05
6600 1.19242e-05
6610 7.93231e-06
6620 6.03187e-06
6630 1.47916e-05
6640 1.402e-05
6650 9.72159e-06
6660 6.27934e-06
6670 6.56347e-06
6680 9.97575e-06
6690 7.31878e-06
6700 9.13786e-06
6710 6.85835e-06
6720 8.2043e-06
6730 6.58656e-06
6740 1.00739e-05
6750 6.54086e-06
6760 6.20042e-06
6770 1.05335e-05
6780 5.83312e-06
6790 7.13015e-06
6800 1.02742e-05
6810 6.27558e-06
6820 8.32421e-06
6830 6.81815e-06
6840 1.04481e-05
6850 1.56502e-05
6860 9.69764e-06
6870 8.05218e-06
6880 6.33173e-06
6890 7.31697e-06
6900 8.55115e-06
6910 7.44532e-06
6920 9.41583e-06
6930 5.69648e-06
6940 5.74985e-06
6950 1.42664e-05
6960 7.49672e-06
6970 9.54054e-06
6980 5.79737e-06
6990 6.41315e-06
7000 8.51885e-06
7010 4.85349e-06
7020 8.56373e-06
7030 4.97282e-06
7040 7.86061e-06
7050 6.91654e-06
7060 9.66854e-06
7070 5.9774e-06
7080 1.15759e-05
7090 6.48022e-06
7100 6.06064e-06
7110 1.60227e-05
7120 8.04735e-06
7130 9.58719e-06
7140 1.50338e-05
7150 5.75405e-06
7160 6.90174e-06
7170 5.8494e-06
7180 7.41504e-06
7190 8.72368e-06
7200 7.44363e-06
7210 5.32408e-06
7220 4.82263e-06
7230 5.98846e-06
7240 6.75721e-06
7250 5.61398e-06
7260 5.36719e-06
7270 4.61026e-06
7280 5.62889e-06
7290 7.10985e-06
7300 1.74191e-05
7310 9.13779e-06
7320 9.56046e-06
7330 6.57199e-06
7340 5.89079e-06
7350 6.4742e-06
7360 7.85786e-06
7370 4.49116e-06
7380 5.60286e-06
7390 5.11965e-06
7400 4.94391e-06
7410 5.44122e-06
7420 8.40945e-06
7430 7.10088e-06
7440 6.51168e-06
7450 4.4302e-06
7460 1.3085e-05
7470 4.22012e-06
7480 4.27965e-06
7490 8.94039e-06
7500 5.70127e-06
7510 7.09866e-06
7520 5.20382e-06
7530 4.77282e-06
7540 7.78219e-06
7550 6.01015e-06
7560 8.88734e-06
7570 9.38626e-06
7580 5.30697e-06
7590 1.23753e-05
7600 5.11811e-06
7610 5.12176e-06
7620 6.71965e-06
7630 6.88484e-06
7640 4.61374e-06
7650 6.4546e-06
7660 5.38748e-06
7670 4.97621e-06
7680 1.26319e-05
7690 7.01014e-06
7700 1.8232e-05
7710 6.18092e-06
7720 1.05553e-05
7730 5.25358e-06
7740 4.97388e-06
7750 7.80079e-06
7760 6.54153e-06
7770 9.22411e-06
7780 6.83227e-06
7790 5.37727e-06
7800 6.60946e-06
7810 7.34985e-06
7820 4.65944e-06
7830 1.93562e-05
7840 2.4199e-05
7850 8.3621e-06
7860 8.26536e-06
7870 4.22126e-06
7880 5.57168e-06
7890 4.66807e-06
7900 3.51437e-06
7910 1.03141e-05
7920 4.42797e-06
7930 3.51986e-06
7940 4.79166e-06
7950 3.99824e-06
7960 4.67101e-06
7970 4.36537e-06
7980 4.93212e-06
7990 3.89516e-06
8000 5.81767e-06
8010 4.50106e-06
8020 4.55367e-06
8030 4.4373e-06
8040 8.3197e-06
8050 7.01015e-06
8060 3.70461e-06
8070 8.35437e-06
8080 7.35682e-06
8090 4.38117e-06
8100 3.61925e-06
8110 5.04765e-06
8120 3.55779e-06
8130 5.58933e-06
8140 5.33261e-06
8150 3.89601e-06
8160 3.47187e-06
8170 3.97509e-06
8180 3.21421e-06
8190 3.28438e-06
8200 7.12105e-06
8210 5.79717e-06
8220 4.71232e-06
8230 8.58264e-06
8240 3.64333e-06
8250 8.35593e-06
8260 4.04785e-06
8270 3.18814e-06
8280 8.02264e-06
8290 5.64209e-06
8300 4.08902e-06
8310 3.72307e-06
8320 3.83641e-06
8330 3.6931e-06
8340 9.62358e-06
8350 1.0236e-05
8360 9.80347e-06
8370 3.76524e-06
8380 4.90993e-06
8390 1.00992e-05
8400 9.85397e-06
8410 1.16264e-05
8420 3.08279e-06
8430 5.51732e-06
8440 3.58804e-06
8450 5.57886e-06
8460 7.6571e-06
8470 5.5831e-06
8480 3.37124e-06
8490 4.70071e-06
8500 6.01001e-06
8510 3.84337e-06
8520 7.06944e-06
8530 1.55742e-05
8540 7.23987e-06
8550 5.40006e-06
8560 6.16432e-06
8570 4.60669e-06
8580 7.55275e-06
8590 7.58574e-06
8600 7.49036e-06
8610 4.84352e-06
8620 4.00738e-06
8630 2.92632e-06
8640 3.17301e-06
8650 4.00073e-06
8660 4.91732e-06
8670 3.60522e-06
8680 4.96704e-06
8690 2.87035e-06
8700 4.87128e-06
8710 3.16712e-06
8720 3.11089e-06
8730 5.77417e-06
8740 3.49726e-06
8750 7.61849e-06
8760 3.75417e-06
8770 4.49057e-06
8780 3.12877e-06
8790 3.05104e-06
8800 5.54558e-06
8810 4.63816e-06
8820 4.3673e-06
8830 3.48455e-06
8840 5.41936e-06
8850 6.16304e-06
8860 4.30683e-06
8870 4.24975e-06
8880 2.48304e-06
8890 9.39457e-06
8900 4.95687e-06
8910 1.02128e-05
8920 7.5796e-06
8930 7.45148e-06
8940 5.77813e-06
8950 8.62316e-06
8960 2.53646e-06
8970 4.28052e-06
8980 6.856e-06
8990 2.98751e-06
9000 3.44856e-06
9010 6.69479e-06
9020 2.9282e-06
9030 4.03524e-06
9040 1.38375e-05
9050 9.7656e-06
9060 5.91992e-06
9070 5.19895e-06
9080 3.39802e-06
9090 3.19485e-06
9100 2.69277e-06
9110 6.73497e-06
9120 1.08108e-05
9130 4.50392e-06
9140 5.86989e-06
9150 3.41988e-06
9160 3.59987e-06
9170 2.77216e-06
9180 4.04287e-06
9190 1.12615e-05
9200 4.24663e-06
9210 2.64213e-06
9220 2.76582e-06
9230 2.77103e-06
9240 3.6555e-06
9250 2.81687e-06
9260 5.7517e-06
9270 2.68985e-06
9280 2.7534e-06
9290 3.17878e-06
9300 3.37578e-06
9310 3.92708e-06
9320 4.40398e-06
9330 7.28146e-06
9340 2.43996e-06
9350 4.04038e-06
9360 2.08757e-06
9370 4.56397e-06
9380 2.08592e-06
9390 2.26228e-06
9400 7.28031e-06
9410 4.94501e-06
9420 4.95107e-06
9430 4.0608e-06
9440 4.76158e-06
9450 3.67929e-06
9460 9.95215e-06
9470 4.09509e-06
9480 2.95298e-06
9490 6.9546e-06
9500 3.18919e-06
9510 2.59281e-06
9520 3.00856e-06
9530 5.91938e-06
9540 1.0292e-05
9550 5.33347e-06
9560 2.82081e-06
9570 3.17749e-05
9580 5.0223e-06
9590 3.44572e-06
9600 3.02829e-06
9610 1.9816e-06
9620 4.05253e-06
9630 5.34276e-06
9640 4.38087e-06
9650 6.45229e-06
9660 2.50368e-06
9670 3.16268e-06
9680 4.38608e-06
9690 3.43421e-06
9700 2.6918e-06
9710 2.69161e-06
9720 2.52075e-06
9730 2.05673e-06
9740 2.63933e-06
9750 2.9437e-06
9760 3.27501e-06
9770 3.63613e-06
9780 3.27229e-06
9790 2.80533e-06
9800 1.76673e-05
9810 1.51392e-05
9820 2.59137e-06
9830 7.46661e-06
9840 3.3272e-06
9850 5.41772e-06
9860 4.88929e-06
9870 4.80667e-06
9880 2.85352e-06
9890 9.74611e-06
9900 1.08569e-05
9910 2.26868e-05
9920 6.65611e-06
9930 2.43426e-06
9940 3.16097e-06
9950 2.26652e-06
9960 3.57396e-06
9970 8.34169e-06
9980 3.94216e-06
9990 2.03861e-06
10000 2.55002e-06
